,survived
0,1
1,1
2,0
3,0
4,0
5,1
6,1
7,0
8,1
9,0
10,0
11,1
12,1
13,1
14,1
15,0
16,0
17,1
18,1
19,0
20,1
21,1
22,1
23,1
24,1
25,0
26,1
27,1
28,1
29,1
30,0
31,1
32,1
33,1
34,0
35,1
36,1
37,1
38,0
39,0
40,0
41,1
42,1
43,1
44,1
45,0
46,0
47,1
48,1
49,1
50,1
51,0
52,0
53,0
54,1
55,1
56,1
57,1
58,0
59,1
60,0
61,1
62,0
63,1
64,1
65,1
66,1
67,1
68,1
69,1
70,0
71,0
72,1
73,1
74,0
75,0
76,1
77,0
78,1
79,1
80,0
81,0
82,1
83,1
84,0
85,1
86,1
87,1
88,1
89,0
90,1
91,1
92,1
93,1
94,1
95,1
96,0
97,1
98,1
99,1
100,1
101,0
102,1
103,1
104,1
105,0
106,0
107,1
108,1
109,1
110,0
111,1
112,1
113,1
114,0
115,0
116,1
117,1
118,0
119,1
120,1
121,1
122,1
123,1
124,1
125,0
126,0
127,1
128,0
129,1
130,1
131,1
132,0
133,1
134,1
135,0
136,1
137,1
138,0
139,1
140,1
141,1
142,0
143,1
144,1
145,1
146,1
147,0
148,0
149,1
150,0
151,1
152,1
153,1
154,0
155,1
156,0
157,0
158,0
159,1
160,1
161,1
162,0
163,1
164,1
165,1
166,0
167,1
168,1
169,0
170,1
171,0
172,0
173,0
174,0
175,0
176,1
177,1
178,1
179,0
180,1
181,1
182,1
183,1
184,0
185,0
186,1
187,1
188,1
189,0
190,1
191,0
192,1
193,1
194,0
195,1
196,1
197,0
198,1
199,1
200,0
201,0
202,1
203,0
204,1
205,0
206,0
207,1
208,1
209,1
210,0
211,0
212,0
213,1
214,1
215,0
216,1
217,0
218,1
219,1
220,1
221,0
222,0
223,0
224,0
225,0
226,0
227,1
228,0
229,1
230,1
231,1
232,0
233,1
234,0
235,1
236,0
237,0
238,1
239,0
240,1
241,0
242,1
243,0
244,0
245,1
246,0
247,1
248,0
249,1
250,1
251,1
252,0
253,1
254,1
255,1
256,1
257,1
258,1
259,1
260,1
261,1
262,0
263,1
264,1
265,1
266,0
267,0
268,0
269,0
270,1
271,1
272,1
273,1
274,1
275,1
276,0
277,1
278,1
279,0
280,1
281,1
282,1
283,0
284,1
285,0
286,0
287,0
288,1
289,1
290,0
291,1
292,1
293,1
294,0
295,1
296,1
297,1
298,1
299,0
300,0
301,0
302,1
303,0
304,1
305,0
306,0
307,0
308,1
309,1
310,0
311,1
312,0
313,0
314,1
315,1
316,0
317,1
318,0
319,1
320,1
321,0
322,1
323,0
324,1
325,0
326,0
327,0
328,0
329,1
330,0
331,0
332,0
333,1
334,0
335,0
336,1
337,1
338,0
339,1
340,1
341,1
342,1
343,1
344,1
345,0
346,0
347,0
348,0
349,1
350,1
351,0
352,1
353,1
354,0
355,1
356,0
357,0
358,1
359,1
360,1
361,1
362,1
363,0
364,0
365,0
366,0
367,0
368,0
369,0
370,1
371,1
372,0
373,1
374,0
375,0
376,1
377,1
378,0
379,1
380,1
381,0
382,0
383,0
384,0
385,1
386,0
387,1
388,1
389,0
390,0
391,0
392,1
393,0
394,0
395,1
396,1
397,0
398,1
399,0
400,1
401,1
402,1
403,0
404,0
405,0
406,0
407,1
408,0
409,0
410,0
411,0
412,0
413,0
414,0
415,1
416,0
417,0
418,0
419,0
420,0
421,0
422,0
423,0
424,0
425,0
426,0
427,1
428,1
429,0
430,1
431,0
432,1
433,0
434,1
435,0
436,1
437,1
438,1
439,0
440,1
441,1
442,0
443,0
444,0
445,0
446,1
447,0
448,0
449,1
450,0
451,0
452,1
453,0
454,1
455,0
456,0
457,0
458,1
459,0
460,1
461,0
462,0
463,0
464,0
465,1
466,0
467,1
468,0
469,1
470,0
471,1
472,0
473,0
474,0
475,0
476,0
477,0
478,1
479,1
480,0
481,1
482,1
483,1
484,1
485,0
486,0
487,0
488,0
489,1
490,0
491,0
492,1
493,0
494,1
495,0
496,0
497,0
498,0
499,0
500,0
501,1
502,1
503,1
504,0
505,0
506,0
507,0
508,0
509,0
510,0
511,0
512,0
513,1
514,1
515,1
516,0
517,0
518,0
519,0
520,1
521,1
522,0
523,1
524,1
525,0
526,1
527,0
528,0
529,1
530,0
531,0
532,0
533,1
534,1
535,0
536,1
537,0
538,1
539,0
540,1
541,1
542,1
543,0
544,0
545,1
546,1
547,0
548,1
549,1
550,1
551,1
552,0
553,1
554,0
555,0
556,0
557,1
558,1
559,1
560,1
561,0
562,1
563,0
564,1
565,0
566,0
567,0
568,0
569,0
570,1
571,0
572,1
573,1
574,0
575,0
576,0
577,1
578,0
579,0
580,1
581,0
582,1
583,1
584,1
585,0
586,1
587,1
588,1
589,1
590,1
591,1
592,0
593,1
594,0
595,0
596,1
597,1
598,1
599,0
600,0
601,0
602,0
603,1
604,1
605,1
606,1
607,1
608,0
609,0
610,0
611,1
612,1
613,1
614,0
615,0
616,0
617,0
618,0
619,0
620,0
621,1
622,0
623,0
624,0
625,1
626,0
627,0
628,0
629,0
630,1
631,0
632,0
633,0
634,0
635,0
636,0
637,0
638,0
639,0
640,0
641,1
642,0
643,1
644,0
645,1
646,1
647,1
648,0
649,0
650,0
651,0
652,0
653,1
654,0
655,0
656,1
657,1
658,1
659,1
660,1
661,1
662,0
663,0
664,1
665,0
666,0
667,0
668,0
669,0
670,0
671,0
672,0
673,0
674,1
675,0
676,0
677,0
678,0
679,0
680,0
681,0
682,0
683,0
684,0
685,0
686,1
687,0
688,0
689,0
690,0
691,0
692,0
693,1
694,0
695,0
696,0
697,0
698,0
699,0
700,0
701,0
702,0
703,0
704,0
705,0
706,0
707,0
708,0
709,1
710,0
711,0
712,0
713,0
714,1
715,0
716,0
717,0
718,0
719,1
720,0
721,0
722,0
723,0
724,0
725,1
726,0
727,0
728,0
729,0
730,0
731,0
732,0
733,1
734,1
735,1
736,0
737,0
738,1
739,0
740,0
741,0
742,1
743,0
744,0
745,1
746,1
747,0
748,0
749,0
750,0
751,0
752,0
753,0
754,0
755,0
756,0
757,1
758,1
759,1
760,1
761,0
762,1
763,1
764,0
765,1
766,0
767,0
768,0
769,0
770,0
771,1
772,0
773,0
774,0
775,0
776,0
777,1
778,1
779,0
780,1
781,0
782,0
783,1
784,0
785,1
786,0
787,0
788,0
789,0
790,0
791,0
792,0
793,0
794,1
795,0
796,0
797,0
798,1
799,0
800,0
801,0
802,0
803,0
804,0
805,1
806,0
807,0
808,0
809,0
810,0
811,0
812,0
813,0
814,0
815,0
816,0
817,0
818,1
819,1
820,1
821,0
822,0
823,1
824,0
825,0
826,0
827,0
828,0
829,0
830,0
831,0
832,0
833,0
834,0
835,0
836,0
837,0
838,0
839,0
840,0
841,0
842,0
843,0
844,0
845,1
846,0
847,0
848,0
849,0
850,0
851,1
852,0
853,0
854,0
855,0
856,1
857,1
858,1
859,0
860,1
861,0
862,1
863,0
864,0
865,0
866,1
867,1
868,0
869,0
870,1
871,0
872,1
873,0
874,1
875,0
876,0
877,0
878,0
879,0
880,1
881,1
882,0
883,0
884,0
885,0
886,1
887,1
888,0
889,1
890,0
891,0
892,0
893,0
894,1
895,1
896,0
897,0
898,0
899,1
900,0
901,0
902,0
903,0
904,0
905,1
906,0
907,0
908,0
909,1
910,0
911,0
912,0
913,1
914,0
915,0
916,1
917,1
918,0
919,0
920,0
921,0
922,1
923,1
924,0
925,0
926,1
927,0
928,0
929,0
930,0
931,0
932,0
933,0
934,1
935,1
936,1
937,0
938,0
939,0
940,0
941,1
942,0
943,0
944,0
945,1
946,0
947,1
948,0
949,1
950,0
951,0
952,0
953,1
954,0
955,0
956,0
957,0
958,0
959,0
960,0
961,0
962,0
963,0
964,0
965,0
966,0
967,0
968,0
969,0
970,1
971,0
972,0
973,0
974,0
975,0
976,0
977,0
978,1
979,0
980,1
981,1
982,0
983,0
984,1
985,1
986,0
987,0
988,0
989,0
990,0
991,1
992,0
993,1
994,0
995,0
996,0
997,1
998,0
999,1
1000,1
1001,1
1002,1
1003,1
1004,1
1005,0
1006,1
1007,1
1008,0
1009,0
1010,0
1011,0
1012,0
1013,0
1014,0
1015,0
1016,0
1017,1
1018,0
1019,0
1020,0
1021,0
1022,0
1023,1
1024,0
1025,1
1026,1
1027,0
1028,1
1029,0
1030,0
1031,0
1032,0
1033,1
1034,1
1035,1
1036,1
1037,1
1038,0
1039,1
1040,1
1041,0
1042,1
1043,1
1044,1
1045,0
1046,0
1047,1
1048,1
1049,1
1050,1
1051,0
1052,0
1053,0
1054,0
1055,0
1056,1
1057,1
1058,0
1059,0
1060,1
1061,1
1062,0
1063,0
1064,1
1065,0
1066,0
1067,1
1068,0
1069,0
1070,0
1071,1
1072,0
1073,0
1074,0
1075,0
1076,0
1077,1
1078,1
1079,1
1080,1
1081,1
1082,1
1083,0
1084,0
1085,0
1086,0
1087,0
1088,1
1089,0
1090,0
1091,0
1092,0
1093,0
1094,1
1095,0
1096,0
1097,0
1098,0
1099,0
1100,0
1101,0
1102,0
1103,0
1104,0
1105,0
1106,0
1107,0
1108,0
1109,0
1110,0
1111,0
1112,0
1113,0
1114,0
1115,0
1116,0
1117,0
1118,0
1119,0
1120,1
1121,1
1122,1
1123,1
1124,0
1125,0
1126,0
1127,0
1128,0
1129,0
1130,0
1131,1
1132,0
1133,0
1134,0
1135,0
1136,0
1137,0
1138,0
1139,0
1140,0
1141,0
1142,0
1143,0
1144,0
1145,0
1146,0
1147,0
1148,0
1149,1
1150,0
1151,0
1152,0
1153,0
1154,0
1155,0
1156,0
1157,0
1158,0
1159,1
1160,0
1161,0
1162,1
1163,0
1164,0
1165,0
1166,0
1167,0
1168,0
1169,0
1170,0
1171,0
1172,0
1173,0
1174,0
1175,0
1176,0
1177,0
1178,0
1179,0
1180,0
1181,0
1182,1
1183,0
1184,0
1185,0
1186,0
1187,1
1188,1
1189,1
1190,1
1191,0
1192,0
1193,0
1194,0
1195,0
1196,1
1197,0
1198,1
1199,0
1200,0
1201,0
1202,0
1203,0
1204,0
1205,1
1206,0
1207,0
1208,0
1209,0
1210,0
1211,0
1212,0
1213,0
1214,0
1215,0
1216,1
1217,0
1218,0
1219,0
1220,0
1221,0
1222,0
1223,1
1224,0
1225,0
1226,0
1227,0
1228,1
1229,0
1230,0
1231,0
1232,1
1233,1
1234,0
1235,0
1236,1
1237,0
1238,1
1239,0
1240,1
1241,0
1242,0
1243,0
1244,1
1245,0
1246,0
1247,1
1248,0
1249,0
1250,0
1251,0
1252,0
1253,0
1254,1
1255,0
1256,1
1257,1
1258,1
1259,0
1260,1
1261,1
1262,0
1263,0
1264,0
1265,0
1266,0
1267,0
1268,0
1269,0
1270,0
1271,0
1272,0
1273,0
1274,0
1275,0
1276,0
1277,1
1278,0
1279,0
1280,0
1281,0
1282,0
1283,0
1284,0
1285,0
1286,1
1287,0
1288,0
1289,0
1290,1
1291,0
1292,0
1293,0
1294,0
1295,0
1296,0
1297,0
1298,0
1299,0
1300,1
1301,0
1302,0
1303,0
1304,0
1305,0
1306,0
1307,0
1308,0
